1000
0
0
1
5
11
13
15
13
14
16
18
25
23
23
31
27
34
33
37
39
40
43
46
44
45
48
52
57
55
55
59
63
64
63
71
68
74
71
74
75
81
85
81
83
85
89
94
95
97
101
49
101
106
103
106
107
112
113
113
121
117
124
121
128
128
128
130
131
133
137
140
139
147
148
151
147
150
151
158
161
162
165
164
163
165
168
172
175
176
178
180
183
182
187
187
192
195
197
198
199
150
204
201
207
208
213
209
215
216
220
223
221
223
226
229
230
235
233
236
237
237
245
245
248
251
249
253
257
254
255
262
264
264
266
266
268
274
272
274
281
279
285
283
284
290
290
290
295
297
300
252
300
301
306
308
310
313
312
319
318
321
325
321
324
327
327
329
332
333
336
338
345
342
347
350
351
352
357
356
360
362
365
367
364
371
368
372
373
376
380
381
380
385
385
389
388
391
393
399
401
349
399
407
404
405
411
410
414
418
421
422
419
424
426
429
427
429
437
437
440
438
441
446
447
449
451
450
452
453
458
457
461
462
464
465
473
475
475
477
476
477
482
485
485
489
489
491
493
494
497
449
500
505
503
507
512
514
512
516
515
519
525
521
525
525
533
534
534
537
537
540
543
541
543
545
552
550
552
559
555
562
563
563
569
569
569
570
577
576
576
577
582
582
586
585
591
590
591
595
596
547
605
604
605
609
608
613
616
613
620
622
620
622
629
626
629
633
632
637
641
643
644
644
644
650
649
650
651
653
655
658
663
665
664
668
668
672
677
676
676
679
682
682
686
686
692
693
696
693
700
647
703
704
704
707
707
712
711
714
719
720
725
721
724
730
729
735
733
733
741
742
744
746
749
746
747
750
756
757
760
762
761
764
768
765
767
769
777
779
776
781
781
782
785
786
793
789
792
797
801
749
805
807
803
810
807
814
812
813
816
822
821
825
829
827
828
830
833
836
837
839
845
845
849
848
851
849
852
857
858
863
865
865
869
866
871
874
872
875
879
881
882
886
889
885
890
893
891
893
895
851
903
902
908
910
910
910
917
919
916
918
921
921
924
931
933
934
932
934
936
938
945
942
948
948
951
949
951
953
959
957
961
963
963
971
968
972
976
976
978
981
982
986
984
991
990
989
996
996
1001
949
1000
1005
1004
1007
1007
1010
1016
1016
1018
1022
1023
1022
1024
1029
1027
1032
1031
1033
1041
1042
1040
1046
1047
1049
1048
1049
1057
1053
1055
1060
1062
1061
1067
1070
1073
1072
1077
1074
1080
1079
1084
1081
1087
1088
1088
1091
1094
1099
1097
1052
1103
1104
1109
1105
1111
1109
1116
1118
1118
1121
1124
1125
1129
1131
1129
1129
1135
1136
1140
1139
1142
1147
1147
1145
1153
1153
1152
1153
1158
1159
1161
1162
1164
1166
1171
1174
1173
1175
1179
1178
1179
1187
1188
1191
1190
1191
1197
1199
1196
1149
1200
1202
1207
1205
1209
1215
1213
1214
1219
1223
1222
1222
1229
1228
1231
1233
1235
1235
1239
1237
1245
1244
1248
1250
1253
1252
1252
1258
1260
1259
1264
1267
1269
1266
1268
1273
1275
1273
1276
1283
1285
1287
1287
1287
1291
1293
1293
1299
1300
1253
1303
1301
1309
1308
1307
1315
1313
1316
1317
1317
1324
1321
1327
1326
1327
1331
1332
1333
1339
1343
1341
1344
1349
1348
1347
1351
1357
1358
1360
1360
1362
1361
1363
1371
1371
1371
1373
1373
1379
1378
1380
1385
1387
1388
1387
1389
1392
1399
1398
1348
1403
1406
1405
1407
1412
1410
1414
1413
1416
1417
1419
1422
1427
1426
1433
1432
1436
1437
1436
1439
1445
1445
1446
1445
1451
1450
1455
1457
1456
1458
1461
1464
1469
1466
1471
1471
1474
1475
1481
1479
1483
1482
1487
1491
1490
1494
1492
1494
1497
1450
1504
1505
1509
1505
1508
1512
1513
1514
1521
1518
1522
1521
1526
1528
1529
1533
1536
1539
1535
1539
1545
1545
1549
1551
1553
1551
1556
1554
1556
1557
1562
1565
1569
1568
1572
1570
1573
1575
1580
1579
1581
1586
1588
1590
1593
1592
1593
1594
1595
1551
1604
1604
1605
1607
1611
1612
1611
1618
1620
1617
1622
1625
1629
1628
1629
1631
1631
1639
1635
1638
1640
1642
1646
1646
1649
1652
1653
1657
1656
1659
1659
1665
1669
1665
1671
1669
1671
1677
1680
1680
1680
1686
1687
1685
1689
1694
1695
1696
1695
1650
1703
1703
1703
1706
1707
1711
1715
1719
1717
1723
1722
1725
1725
1728
1727
1735
1733
1734
1735
1742
1743
1747
1746
1746
1752
1755
1757
1753
1761
1762
1759
1762
1764
1771
1773
1769
1772
1773
1776
1777
1782
1782
1786
1785
1788
1794
1797
1798
1799
1747
1801
1807
1806
1810
1808
1810
1811
1818
1818
1817
1819
1826
1824
1825
1833
1829
1837
1836
1838
1840
1841
1842
1845
1847
1853
1851
1851
1856
1859
1859
1859
1863
1865
1869
1870
1871
1873
1877
1879
1883
1884
1881
1888
1889
1891
1891
1894
1893
1900
1849
1905
1901
1905
1910
1910
1914
1917
1913
1917
1920
1920
1924
1923
1930
1928
1932
1937
1934
1940
1941
1944
1945
1944
1950
1953
1952
1953
1953
1960
1959
1960
1967
1969
1968
1971
1970
1971
1973
1981
1983
1983
1983
1983
1985
1992
1994
1993
1999
1998
