30 3e-05
1030 0.000145
2030 0.000227
3030 0.000374
4030 0.000397
5030 0.000513
6030 0.000654
7030 0.000684
8030 0.000544
9030 0.00065
10030 0.000714
11030 0.0008
12030 0.000904
13030 0.00085
14030 0.000886
15030 0.00096
16030 0.000962
17030 0.000981
18030 0.001021
19030 0.001028
20030 0.000987
21030 0.001013
22030 0.00108
23030 0.001127
24030 0.00142
25030 0.001755
26030 0.00138
27030 0.001366
28030 0.001375
29030 0.001441
30030 0.001455
31030 0.001516
32030 0.001563
33030 0.001611
34030 0.001679
35030 0.001771
36030 0.001791
37030 0.001883
38030 0.001844
39030 0.002182
40030 0.004393
41030 0.002962
42030 0.00271
43030 0.002553
44030 0.002336
45030 0.002236
46030 0.002406
47030 0.002286
48030 0.002329
49030 0.002471
50030 0.002615
51030 0.002531
52030 0.002541
53030 0.002574
54030 0.002612
55030 0.002713
56030 0.002898
57030 0.002795
58030 0.002843
59030 0.002892
60030 0.00292
61030 0.003075
62030 0.003134
63030 0.003116
64030 0.003109
65030 0.003205
66030 0.003312
67030 0.003371
68030 0.003314
69030 0.003345
70030 0.003425
71030 0.003541
72030 0.003578
73030 0.003596
74030 0.003608
75030 0.003624
76030 0.00389
77030 0.003792
78030 0.003838
79030 0.003873
80030 0.003998
81030 0.004062
82030 0.003997
83030 0.004093
84030 0.004155
85030 0.004227
86030 0.004234
87030 0.004303
88030 0.004379
89030 0.004564
90030 0.004496
91030 0.004485
92030 0.004677
93030 0.004645
94030 0.0046
95030 0.004826
96030 0.004923
97030 0.004821
98030 0.004818
99030 0.005007
100030 0.004983
101030 0.004942
102030 0.005069
103030 0.005221
104030 0.005123
105030 0.005228
106030 0.00546
107030 0.005282
108030 0.00537
109030 0.005438
110030 0.005496
111030 0.005515
112030 0.005953
113030 0.005684
114030 0.005757
115030 0.005736
116030 0.005643
117030 0.005928
118030 0.005883
119030 0.005814
120030 0.006205
121030 0.006043
122030 0.005975
123030 0.006407
124030 0.006119
125030 0.006304
126030 0.006478
127030 0.006345
128030 0.006496
129030 0.006623
130030 0.00649
131030 0.006796
132030 0.006518
133030 0.00673
134030 0.006771
135030 0.006667
136030 0.0069
137030 0.006879
138030 0.007127
139030 0.006997
140030 0.007082
141030 0.007016
142030 0.007113
143030 0.007383
144030 0.007121
145030 0.007349
146030 0.007552
147030 0.007613
148030 0.007438
149030 0.007396
150030 0.007587
151030 0.007508
152030 0.007688
153030 0.007602
154030 0.008014
155030 0.007785
156030 0.008087
157030 0.007813
158030 0.008214
159030 0.008008
160030 0.008242
161030 0.008011
162030 0.008207
163030 0.008243
164030 0.008462
165030 0.008279
166030 0.008409
167030 0.008376
168030 0.008689
169030 0.00828
170030 0.008513
171030 0.008558
172030 0.008827
173030 0.008677
174030 0.009009
175030 0.008726
176030 0.009047
177030 0.008868
178030 0.008975
179030 0.00891
180030 0.00958
181030 0.009058
182030 0.009215
183030 0.009209
184030 0.009288
185030 0.00952
186030 0.009238
187030 0.009401
188030 0.009579
189030 0.009662
190030 0.009801
191030 0.009712
192030 0.009872
193030 0.00971
194030 0.009946
195030 0.009828
196030 0.009707
197030 0.010228
198030 0.009903
199030 0.010242
200030 0.010096
201030 0.010213
202030 0.010494
203030 0.010285
204030 0.010255
205030 0.010605
206030 0.010197
207030 0.010631
208030 0.010756
209030 0.010594
210030 0.010872
211030 0.010833
212030 0.010645
213030 0.010859
214030 0.011006
215030 0.010899
216030 0.011153
217030 0.011046
218030 0.011233
219030 0.011319
220030 0.01097
221030 0.010986
222030 0.011361
223030 0.011415
224030 0.011221
225030 0.011496
226030 0.011599
227030 0.011552
228030 0.011801
229030 0.01151
230030 0.011472
231030 0.012031
232030 0.011851
233030 0.011799
234030 0.011854
235030 0.012064
236030 0.012147
237030 0.011664
238030 0.011921
239030 0.012186
240030 0.012276
241030 0.012267
242030 0.012453
243030 0.017789
244030 0.014732
245030 0.012896
246030 0.012943
247030 0.012824
248030 0.013007
249030 0.012742
250030 0.012921
251030 0.013211
252030 0.013281
253030 0.01301
254030 0.012698
255030 0.012801
256030 0.013023
257030 0.013076
258030 0.013465
259030 0.013457
260030 0.013656
261030 0.013277
262030 0.013539
263030 0.013221
264030 0.013329
265030 0.013799
266030 0.013433
267030 0.013888
268030 0.014162
269030 0.014009
270030 0.013904
271030 0.014038
272030 0.013462
273030 0.014321
274030 0.014107
275030 0.014218
276030 0.014215
277030 0.014279
278030 0.014141
279030 0.014297
280030 0.014077
281030 0.014143
282030 0.015279
283030 0.015251
284030 0.015649
285030 0.015212
286030 0.01533
287030 0.01546
288030 0.017942
289030 0.016919
290030 0.015025
291030 0.014913
292030 0.014911
293030 0.014841
294030 0.015205
295030 0.015447
296030 0.015488
297030 0.015513
298030 0.016418
299030 0.015607
300030 0.015563

