30 6.9e-05
1030 0.000816
2030 0.001539
3030 0.001687
4030 0.002058
5030 0.002318
6030 0.002573
7030 0.002649
8030 0.002841
9030 0.003273
10030 0.003568
11030 0.003876
12030 0.00421
13030 0.004593
14030 0.005093
15030 0.005371
16030 0.005642
17030 0.006089
18030 0.009182
19030 0.00856
20030 0.007031
21030 0.00755
22030 0.007766
23030 0.008196
24030 0.008435
25030 0.008897
26030 0.009104
27030 0.009695
28030 0.010169
29030 0.010369
30030 0.010774
31030 0.010987
32030 0.011384
33030 0.01176
34030 0.012037
35030 0.01232
36030 0.012788
37030 0.01314
38030 0.013498
39030 0.013724
40030 0.014228
41030 0.014506
42030 0.014894
43030 0.015218
44030 0.015603
45030 0.015968
46030 0.016294
47030 0.016756
48030 0.017233
49030 0.017525
50030 0.017696
51030 0.018185
52030 0.018444
53030 0.018977
54030 0.019108
55030 0.0195
56030 0.019952
57030 0.020174
58030 0.020598
59030 0.021316
60030 0.021602
61030 0.022095
62030 0.022272
63030 0.022844
64030 0.022638
65030 0.023186
66030 0.023438
67030 0.024196
68030 0.024155
69030 0.024575
70030 0.025
71030 0.026143
72030 0.025611
73030 0.026007
74030 0.026343
75030 0.027444
76030 0.027
77030 0.027778
78030 0.027764
79030 0.028911
80030 0.028354
81030 0.029001
82030 0.029605
83030 0.029543
84030 0.029766
85030 0.030256
86030 0.031202
87030 0.030982
88030 0.031563
89030 0.033021
90030 0.031958
91030 0.032463
92030 0.03348
93030 0.032998
94030 0.033481
95030 0.035211
96030 0.034389
97030 0.034955
98030 0.035759
99030 0.03502
100030 0.035696
101030 0.03615
102030 0.036069
103030 0.036848
104030 0.037902
105030 0.037343
106030 0.038876
107030 0.038079
108030 0.038976
109030 0.039926
110030 0.039168
111030 0.039608
112030 0.041009
113030 0.041049
114030 0.041537
115030 0.040868
116030 0.0416
117030 0.042057
118030 0.041862
119030 0.042442
120030 0.042861
121030 0.044099
122030 0.043698
123030 0.043844
124030 0.045398
125030 0.04467
126030 0.04501
127030 0.045494
128030 0.046033
129030 0.046013
130030 0.046884
131030 0.047132
132030 0.047437
133030 0.047959
134030 0.047714
135030 0.048032
136030 0.048275
137030 0.04933
138030 0.049901
139030 0.049726
140030 0.04987
141030 0.050159
142030 0.050825
143030 0.051656
144030 0.051187
145030 0.052167
146030 0.057109
147030 0.053041
148030 0.052928
149030 0.052895
150030 0.053109
151030 0.053743
152030 0.054096
153030 0.054487
154030 0.055703
155030 0.055143
156030 0.055666
157030 0.056162
158030 0.056339
159030 0.056624
160030 0.056945
161030 0.05752
162030 0.05852
163030 0.058474
164030 0.058461
165030 0.059042
166030 0.058922
167030 0.059446
168030 0.059735
169030 0.060259
170030 0.060555
171030 0.060788
172030 0.061421
173030 0.064802
174030 0.063941
175030 0.063789
176030 0.063267
177030 0.063486
178030 0.065105
179030 0.063791
180030 0.064782
181030 0.064581
182030 0.065583
183030 0.065666
184030 0.065627
185030 0.066518
186030 0.067148
187030 0.06672
188030 0.067645
189030 0.068088
190030 0.067691
191030 0.068259
192030 0.069091
193030 0.068912
194030 0.069532
195030 0.069861
196030 0.069677
197030 0.070584
198030 0.071366
199030 0.071589
200030 0.071665
201030 0.072543
202030 0.072964
203030 0.072968
204030 0.073586
205030 0.073667
206030 0.073981
207030 0.075043
208030 0.074635
209030 0.075465
210030 0.075039
211030 0.076426
212030 0.075747
213030 0.077493
214030 0.076836
215030 0.077475
216030 0.077772
217030 0.07909
218030 0.078376
219030 0.078269
220030 0.07911
221030 0.078593
222030 0.08843
223030 0.081096
224030 0.085091
225030 0.088502
226030 0.081751
227030 0.084695
228030 0.082303
229030 0.082025
230030 0.082574
231030 0.082798
232030 0.084083
233030 0.085001
234030 0.084364
235030 0.08576
236030 0.08899
237030 0.087021
238030 0.087782
239030 0.088487
240030 0.087766
241030 0.087924
242030 0.087016
243030 0.087633
244030 0.088181
245030 0.08861
246030 0.08819
247030 0.088106
248030 0.088654
249030 0.089058
250030 0.091807
251030 0.090764
252030 0.092338
253030 0.092171
254030 0.091685
255030 0.092926
256030 0.092316
257030 0.091946
258030 0.093453
259030 0.093358
260030 0.093868
261030 0.0943
262030 0.094447
263030 0.094848
264030 0.09538
265030 0.095934
266030 0.095724
267030 0.096353
268030 0.09672
269030 0.0967
270030 0.097703
271030 0.097438
272030 0.097225
273030 0.098472
274030 0.098797
275030 0.099309
276030 0.099775
277030 0.099615
278030 0.099654
279030 0.10041
280030 0.100992
281030 0.100915
282030 0.102958
283030 0.102801
284030 0.102949
285030 0.102839
286030 0.102767
287030 0.102771
288030 0.103692
289030 0.102753
290030 0.103446
291030 0.103866
292030 0.10497
293030 0.104508
294030 0.105936
295030 0.107194
296030 0.105814
297030 0.10853
298030 0.11095
299030 0.11699
300030 0.122287

