30 5e-05
1030 0.00074
2030 0.001273
3030 0.001893
4030 0.002278
5030 0.002622
6030 0.003316
7030 0.003339
8030 0.003958
9030 0.004481
10030 0.005156
11030 0.005354
12030 0.005996
13030 0.006593
14030 0.007169
15030 0.008145
16030 0.00796
17030 0.011244
18030 0.009445
19030 0.01043
20030 0.011523
21030 0.01124
22030 0.014143
23030 0.015382
24030 0.011419
25030 0.013551
26030 0.020497
27030 0.017447
28030 0.018318
29030 0.016716
30030 0.014412
31030 0.015204
32030 0.01531
33030 0.018522
34030 0.017279
35030 0.017169
36030 0.025256
37030 0.020324
38030 0.018664
39030 0.018732
40030 0.019821
41030 0.020074
42030 0.021128
43030 0.02116
44030 0.02119
45030 0.023413
46030 0.022813
47030 0.028534
48030 0.026116
49030 0.026697
50030 0.027667
51030 0.024739
52030 0.02575
53030 0.025647
54030 0.032074
55030 0.027274
56030 0.027434
57030 0.031191
58030 0.028331
59030 0.029345
60030 0.037585
61030 0.030787
62030 0.030406
63030 0.034884
64030 0.033956
65030 0.031503
66030 0.037746
67030 0.033733
68030 0.036626
69030 0.046135
70030 0.039994
71030 0.035468
72030 0.037943
73030 0.035739
74030 0.041002
75030 0.041136
76030 0.045158
77030 0.042061
78030 0.041059
79030 0.045239
80030 0.046705
81030 0.054568
82030 0.044451
83030 0.044262
84030 0.046176
85030 0.045917
86030 0.043743
87030 0.046912
88030 0.05269
89030 0.049874
90030 0.049672
91030 0.050559
92030 0.044363
93030 0.049473
94030 0.04483
95030 0.047043
96030 0.047512
97030 0.052032
98030 0.051076
99030 0.056727
100030 0.058823
101030 0.054636
102030 0.061259
103030 0.053111
104030 0.054725
105030 0.054747
106030 0.052119
107030 0.067151
108030 0.057091
109030 0.052854
110030 0.067033
111030 0.061622
112030 0.055314
113030 0.056412
114030 0.055486
115030 0.057872
116030 0.055939
117030 0.065938
118030 0.0622
119030 0.058615
120030 0.067531
121030 0.062446
122030 0.060952
123030 0.073243
124030 0.060319
125030 0.066999
126030 0.063212
127030 0.070317
128030 0.070813
129030 0.069423
130030 0.065512
131030 0.068508
132030 0.072478
133030 0.068338
134030 0.070784
135030 0.068759
136030 0.074358
137030 0.07185
138030 0.07461
139030 0.07624
140030 0.081353
141030 0.069645
142030 0.082841
143030 0.075266
144030 0.076322
145030 0.077735
146030 0.073626
147030 0.076605
148030 0.080376
149030 0.07972
150030 0.083486
151030 0.082187
152030 0.080357
153030 0.077449
154030 0.076537
155030 0.080143
156030 0.08223
157030 0.091291
158030 0.080605
159030 0.082424
160030 0.087628
161030 0.086376
162030 0.08706
163030 0.094868
164030 0.086946
165030 0.08064
166030 0.085971
167030 0.08732
168030 0.092455
169030 0.086344
170030 0.083872
171030 0.088552
172030 0.091486
173030 0.093612
174030 0.093925
175030 0.096839
176030 0.098125
177030 0.097957
178030 0.090693
179030 0.091023
180030 0.103177
181030 0.096213
182030 0.088862
183030 0.09552
184030 0.097046
185030 0.093606
186030 0.098325
187030 0.092576
188030 0.097487
189030 0.101029
190030 0.104391
191030 0.102604
192030 0.100384
193030 0.099499
194030 0.096141
195030 0.114115
196030 0.10202
197030 0.104054
198030 0.110853
199030 0.114884
200030 0.109684
201030 0.103801
202030 0.109246
203030 0.100289
204030 0.101863
205030 0.103874
206030 0.116252
207030 0.11462
208030 0.113423
209030 0.104625
210030 0.113337
211030 0.114228
212030 0.104905
213030 0.113584
214030 0.112333
215030 0.128507
216030 0.114091
217030 0.125924
218030 0.120275
219030 0.118288
220030 0.120132
221030 0.116183
222030 0.128481
223030 0.128266
224030 0.11935
225030 0.118277
226030 0.127389
227030 0.113231
228030 0.126883
229030 0.118893
230030 0.13036
231030 0.124584
232030 0.120699
233030 0.12718
234030 0.130125
235030 0.12322
236030 0.131039
237030 0.119252
238030 0.12556
239030 0.133923
240030 0.124311
241030 0.135301
242030 0.135189
243030 0.130086
244030 0.125282
245030 0.14204
246030 0.128122
247030 0.126797
248030 0.135101
249030 0.137689
250030 0.133087
251030 0.13277
252030 0.129602
253030 0.139777
254030 0.139471
255030 0.139118
256030 0.136572
257030 0.153052
258030 0.140603
259030 0.138387
260030 0.140288
261030 0.14624
262030 0.137013
263030 0.136003
264030 0.149362
265030 0.138534
266030 0.150135
267030 0.136841
268030 0.148987
269030 0.14116
270030 0.149325
271030 0.148589
272030 0.151585
273030 0.147614
274030 0.147705
275030 0.153998
276030 0.150545
277030 0.150907
278030 0.152851
279030 0.151316
280030 0.145289
281030 0.150522
282030 0.153728
283030 0.146464
284030 0.1563
285030 0.162697
286030 0.149184
287030 0.152917
288030 0.145793
289030 0.151917
290030 0.149142
291030 0.165988
292030 0.157179
293030 0.164226
294030 0.150135
295030 0.154537
296030 0.161702
297030 0.164516
298030 0.160901
299030 0.156006
300030 0.171531

