30 4.7e-05
1030 0.000602
2030 0.000735
3030 0.001061
4030 0.00152
5030 0.001555
6030 0.001783
7030 0.001946
8030 0.002076
9030 0.002293
10030 0.002626
11030 0.002749
12030 0.002958
13030 0.003177
14030 0.003495
15030 0.003686
16030 0.00385
17030 0.004214
18030 0.004326
19030 0.004772
20030 0.004873
21030 0.004926
22030 0.005822
23030 0.006872
24030 0.006695
25030 0.006174
26030 0.006221
27030 0.006619
28030 0.006378
29030 0.006873
30030 0.007157
31030 0.007194
32030 0.007535
33030 0.007671
34030 0.00822
35030 0.008571
36030 0.008967
37030 0.008814
38030 0.009381
39030 0.009511
40030 0.010167
41030 0.01009
42030 0.010135
43030 0.010588
44030 0.010648
45030 0.01129
46030 0.011317
47030 0.011271
48030 0.011399
49030 0.011841
50030 0.012255
51030 0.01271
52030 0.013941
53030 0.01364
54030 0.01581
55030 0.013556
56030 0.013063
57030 0.013442
58030 0.013722
59030 0.014028
60030 0.014256
61030 0.014651
62030 0.014692
63030 0.014932
64030 0.016042
65030 0.015374
66030 0.015833
67030 0.016266
68030 0.016276
69030 0.016691
70030 0.016886
71030 0.017119
72030 0.018018
73030 0.017614
74030 0.018178
75030 0.018446
76030 0.020124
77030 0.01974
78030 0.019026
79030 0.020707
80030 0.023094
81030 0.020021
82030 0.01988
83030 0.020265
84030 0.020977
85030 0.020392
86030 0.020718
87030 0.021027
88030 0.021243
89030 0.022179
90030 0.021871
91030 0.023066
92030 0.022344
93030 0.022787
94030 0.022538
95030 0.023004
96030 0.023105
97030 0.023346
98030 0.023687
99030 0.025508
100030 0.024279
101030 0.024062
102030 0.024373
103030 0.025462
104030 0.025542
105030 0.025185
106030 0.025491
107030 0.025542
108030 0.025693
109030 0.026052
110030 0.026523
111030 0.026735
112030 0.02692
113030 0.027384
114030 0.027421
115030 0.02794
116030 0.029945
117030 0.028746
118030 0.03038
119030 0.028865
120030 0.028785
121030 0.029255
122030 0.029206
123030 0.029909
124030 0.02988
125030 0.030145
126030 0.030456
127030 0.030545
128030 0.030849
129030 0.031244
130030 0.033336
131030 0.031856
132030 0.032636
133030 0.032452
134030 0.032217
135030 0.032369
136030 0.032826
137030 0.032821
138030 0.033177
139030 0.033445
140030 0.033849
141030 0.033903
142030 0.034201
143030 0.035214
144030 0.035656
145030 0.035248
146030 0.035894
147030 0.041049
148030 0.035703
149030 0.037511
150030 0.0371
151030 0.036885
152030 0.03699
153030 0.038516
154030 0.04211
155030 0.040653
156030 0.038584
157030 0.041957
158030 0.041607
159030 0.038742
160030 0.039283
161030 0.040405
162030 0.043359
163030 0.040559
164030 0.040792
165030 0.048634
166030 0.047547
167030 0.041957
168030 0.04407
169030 0.042544
170030 0.048471
171030 0.044705
172030 0.043408
173030 0.048046
174030 0.047138
175030 0.043742
176030 0.047342
177030 0.044309
178030 0.04455
179030 0.044414
180030 0.045014
181030 0.045274
182030 0.044965
183030 0.045564
184030 0.045852
185030 0.048547
186030 0.04975
187030 0.045642
188030 0.050317
189030 0.047081
190030 0.04723
191030 0.046441
192030 0.047508
193030 0.054872
194030 0.05066
195030 0.047796
196030 0.052514
197030 0.048935
198030 0.052437
199030 0.048733
200030 0.049123
201030 0.05285
202030 0.051258
203030 0.0509
204030 0.058834
205030 0.050082
206030 0.053598
207030 0.052514
208030 0.056006
209030 0.05217
210030 0.051864
211030 0.057773
212030 0.056325
213030 0.056387
214030 0.06284
215030 0.053044
216030 0.053086
217030 0.053207
218030 0.063159
219030 0.060261
220030 0.057745
221030 0.054705
222030 0.05454
223030 0.054957
224030 0.059971
225030 0.057352
226030 0.060535
227030 0.059311
228030 0.055559
229030 0.055146
230030 0.059853
231030 0.058441
232030 0.063449
233030 0.05863
234030 0.062816
235030 0.06561
236030 0.0591
237030 0.05932
238030 0.059878
239030 0.06
240030 0.059996
241030 0.06515
242030 0.063672
243030 0.058614
244030 0.060144
245030 0.064143
246030 0.06627
247030 0.067296
248030 0.065164
249030 0.063026
250030 0.064655
251030 0.065935
252030 0.066304
253030 0.062244
254030 0.064363
255030 0.064108
256030 0.066628
257030 0.064127
258030 0.067593
259030 0.064434
260030 0.064204
261030 0.066476
262030 0.073055
263030 0.068912
264030 0.067262
265030 0.06981
266030 0.07301
267030 0.074287
268030 0.073554
269030 0.067485
270030 0.071469
271030 0.071553
272030 0.068263
273030 0.075108
274030 0.06816
275030 0.072535
276030 0.071199
277030 0.073384
278030 0.07596
279030 0.070244
280030 0.076994
281030 0.071595
282030 0.08169
283030 0.07828
284030 0.074077
285030 0.073671
286030 0.071963
287030 0.075376
288030 0.077942
289030 0.077202
290030 0.074314
291030 0.081856
292030 0.077359
293030 0.075323
294030 0.073952
295030 0.074265
296030 0.077601
297030 0.08407
298030 0.075216
299030 0.0788
300030 0.074831

