30 0.000268
1030 0.003029
2030 0.00453
3030 0.007779
4030 0.009203
5030 0.010932
6030 0.014071
7030 0.01805
8030 0.023096
9030 0.028862
10030 0.030982
11030 0.035538
12030 0.040289
13030 0.04626
14030 0.052187
15030 0.057565
16030 0.06367
17030 0.070765
18030 0.077581
19030 0.085215
20030 0.100886
21030 0.104625
22030 0.106632
23030 0.113948
24030 0.122614
25030 0.130172
26030 0.137494
27030 0.14711
28030 0.161954
29030 0.16683
30030 0.176371
31030 0.182718
32030 0.191167
33030 0.209747
34030 0.224152
35030 0.222244
36030 0.232059
37030 0.24207
38030 0.25427
39030 0.269054
40030 0.281918
41030 0.312293
42030 0.307138
43030 0.323843
44030 0.329738
45030 0.345713
46030 0.362121
47030 0.37734
48030 0.38137
49030 0.395548
50030 0.40633
51030 0.41981
52030 0.431112
53030 0.456106
54030 0.440683
55030 0.469171
56030 0.474953
57030 0.491982
58030 0.566433
59030 0.56693
60030 0.561642
61030 0.60214
62030 0.650214
63030 0.582178
64030 0.627495
65030 0.681702
66030 0.684389
67030 0.693734
68030 0.717386
69030 0.760972
70030 0.761344
71030 0.762364
72030 0.775153
73030 0.784555
74030 0.83182
75030 0.809551
76030 0.851381
77030 0.863199
78030 0.881072
79030 0.878169
80030 0.888079
81030 0.897504
82030 0.910522
83030 0.921932
84030 0.936485
85030 0.964648
86030 1.00435
87030 0.999422
88030 1.10438
89030 1.0376
90030 1.03997
91030 1.11904
92030 1.07291
93030 1.05294
94030 1.05607
95030 1.12379
96030 1.11616
97030 1.12758
98030 1.19905
99030 1.2023
100030 1.20647
101030 1.22167
102030 1.24475
103030 1.2827
104030 1.23105
105030 1.21583
106030 1.27296
107030 1.35878
108030 1.281
109030 1.31596
110030 1.40864
111030 1.37065
112030 1.38667
113030 1.41188
114030 1.39052
115030 1.43158
116030 1.47096
117030 1.46904
118030 1.50283
119030 1.46191
120030 1.47674
121030 1.68067
122030 1.63322
123030 1.63474
124030 1.66471
125030 1.62085
126030 1.76492
127030 1.72472
128030 1.71946
129030 1.64453
130030 1.72531
131030 1.74134
132030 1.68961
133030 1.82916
134030 1.7439
