30 0.000301
1030 0.00359
2030 0.005678
3030 0.009585
4030 0.008418
5030 0.010166
6030 0.012256
7030 0.015153
8030 0.017351
9030 0.018897
10030 0.021526
11030 0.024085
12030 0.026896
13030 0.028801
14030 0.030683
15030 0.033701
16030 0.035577
17030 0.038045
18030 0.043494
19030 0.044453
20030 0.046058
21030 0.048637
22030 0.050591
23030 0.052587
24030 0.059758
25030 0.063359
26030 0.060401
27030 0.063205
28030 0.06802
29030 0.068878
30030 0.07068
31030 0.074211
32030 0.08084
33030 0.080517
34030 0.08667
35030 0.086388
36030 0.088431
37030 0.089765
38030 0.093579
39030 0.095308
40030 0.096478
41030 0.099736
42030 0.102395
43030 0.111051
44030 0.107058
45030 0.110275
46030 0.112234
47030 0.120699
48030 0.121567
49030 0.122371
50030 0.12959
51030 0.131378
52030 0.131394
53030 0.131038
54030 0.133009
55030 0.143125
56030 0.141374
57030 0.152543
58030 0.147844
59030 0.14855
60030 0.151637
61030 0.1565
62030 0.165659
63030 0.197508
64030 0.194313
65030 0.186216
66030 0.211726
67030 0.21715
68030 0.209194
69030 0.201428
70030 0.226432
71030 0.217398
72030 0.203643
73030 0.214371
74030 0.204798
75030 0.209453
76030 0.21291
77030 0.251175
78030 0.223846
79030 0.244075
80030 0.2345
81030 0.241709
82030 0.251136
83030 0.261939
84030 0.294051
85030 0.282128
86030 0.245555
87030 0.279884
88030 0.278816
89030 0.292608
90030 0.266766
91030 0.255964
92030 0.278122
93030 0.310003
94030 0.272742
95030 0.264555
96030 0.283954
97030 0.281569
98030 0.310784
99030 0.311198
100030 0.303271
101030 0.325542
102030 0.297597
103030 0.328104
104030 0.347454
105030 0.318149
106030 0.32665
107030 0.309136
108030 0.310213
109030 0.324969
110030 0.317389
111030 0.360911
112030 0.331531
113030 0.31259
114030 0.340144
115030 0.329545
116030 0.325465
117030 0.354924
118030 0.349236
119030 0.406712
120030 0.331067
121030 0.347582
122030 0.325897
123030 0.390293
124030 0.361335
125030 0.410318
126030 0.421337
127030 0.376451
128030 0.369489
129030 0.350436
130030 0.391099
131030 0.447478
132030 0.423538
133030 0.420772
134030 0.4252
135030 0.438983
136030 0.459606
137030 0.455045
138030 0.508472
139030 0.475421
140030 0.44905
141030 0.453004
142030 0.487449
143030 0.480231
144030 0.465998
145030 0.464596
146030 0.461503
147030 0.499376
148030 0.476362
149030 0.484152
150030 0.48969
151030 0.499252
152030 0.486439
153030 0.496544
154030 0.494009
155030 0.523054
156030 0.496478
157030 0.503163
158030 0.498586
159030 0.5116
160030 0.504969
161030 0.513666
162030 0.508455
163030 0.513854
164030 0.511227
165030 0.521344
166030 0.505873
167030 0.561961
168030 0.514235
169030 0.551406
170030 0.548573
171030 0.548876
172030 0.555737
173030 0.55052
174030 0.561608
175030 0.573478
176030 0.615339
177030 0.62414
178030 0.662679
179030 0.622718
180030 0.595361
181030 0.586639
182030 0.622887
183030 0.621155
184030 0.60115
185030 0.643421
186030 0.624173
187030 0.615705
188030 0.643447
189030 0.640919
190030 0.655473
191030 0.636161
192030 0.619049
193030 0.677994
194030 0.670463
195030 0.669186
196030 0.668044
197030 0.675907
198030 0.671837
199030 0.677962
200030 0.699049
201030 0.693848
202030 0.682285
203030 0.683148
204030 0.692264
205030 0.686254
206030 0.716929
207030 0.714449
208030 0.714814
209030 0.712313
210030 0.787539
211030 0.803935
212030 0.696187
213030 0.719856
214030 0.739746
215030 0.741186
216030 0.748915
217030 0.846981
218030 0.774541
219030 0.772548
220030 0.763053
221030 0.723067
222030 0.766249
223030 0.774008
224030 0.77218
225030 0.732664
226030 0.737049
227030 0.76068
228030 0.7418
229030 0.734272
230030 0.763129
231030 0.761621
232030 0.759352
233030 0.809291
234030 0.817115
235030 0.808475
236030 0.871823
237030 0.842431
238030 0.958539
239030 0.877268
240030 0.850216
241030 0.853504
242030 0.89426
243030 0.835827
244030 0.914931
245030 0.847177
246030 0.891437
247030 0.847776
248030 0.899208
249030 0.920515
250030 0.86365
251030 0.877268
252030 0.861183
253030 0.867761
254030 0.86851
255030 0.846931
256030 0.905818
257030 0.897115
258030 0.933499
259030 0.88507
260030 0.878934
261030 0.871603
262030 0.956425
263030 0.900546
264030 0.861695
265030 0.911119
266030 0.85982
267030 0.866723
268030 1.04046
269030 1.0435
270030 0.937983
271030 0.983841
272030 0.929207
273030 0.867347
274030 0.891475
275030 0.920212
276030 0.911619
277030 0.904678
278030 0.923104
279030 0.926111
280030 0.924946
281030 0.921104
282030 0.950798
283030 0.931769
284030 0.968768
285030 0.963929
286030 0.94798
287030 0.954911
288030 0.951431
289030 0.948891
290030 0.952124
291030 0.941827
292030 0.961066
293030 1.0997
294030 0.979293
295030 1.05229
296030 1.1141
297030 0.930929
298030 1.06131
299030 1.01301
300030 1.05371

