30 0.000192
1030 0.003133
2030 0.004761
3030 0.008519
4030 0.009214
5030 0.009879
6030 0.011067
7030 0.013105
8030 0.014817
9030 0.016466
10030 0.017919
11030 0.020173
12030 0.022804
13030 0.024374
14030 0.026207
15030 0.027433
16030 0.029815
17030 0.031627
18030 0.033497
19030 0.03499
20030 0.037628
21030 0.03938
22030 0.04103
23030 0.042657
24030 0.044343
25030 0.046092
26030 0.048591
27030 0.050345
28030 0.051906
29030 0.054084
30030 0.057767
31030 0.063432
32030 0.061079
33030 0.070219
34030 0.072993
35030 0.066098
36030 0.067107
37030 0.068249
38030 0.071019
39030 0.073863
40030 0.075503
41030 0.077783
42030 0.07887
43030 0.093237
44030 0.096289
45030 0.097979
46030 0.095937
47030 0.105793
48030 0.102694
49030 0.097187
50030 0.095475
51030 0.099155
52030 0.09955
53030 0.105195
54030 0.104463
55030 0.106729
56030 0.106777
57030 0.109846
58030 0.11089
59030 0.113545
60030 0.115074
61030 0.130083
62030 0.120658
63030 0.120864
64030 0.151701
65030 0.136366
66030 0.144073
67030 0.152686
68030 0.153749
69030 0.152851
70030 0.152991
71030 0.141148
72030 0.146991
73030 0.180125
74030 0.148187
75030 0.151341
76030 0.201635
77030 0.207478
78030 0.180895
79030 0.157296
80030 0.163183
81030 0.202119
82030 0.220703
83030 0.220207
84030 0.226561
85030 0.227602
86030 0.231127
87030 0.233661
88030 0.238705
89030 0.241308
90030 0.247023
91030 0.245957
92030 0.250007
93030 0.254581
94030 0.271825
95030 0.260302
96030 0.260029
97030 0.268297
98030 0.270517
99030 0.271217
100030 0.273792
101030 0.274748
102030 0.276974
103030 0.279469
104030 0.281064
105030 0.283145
106030 0.287684
107030 0.292799
108030 0.294515
109030 0.298
110030 0.297878
111030 0.301899
112030 0.292202
113030 0.30737
114030 0.309829
115030 0.307911
116030 0.298387
117030 0.308416
118030 0.324003
119030 0.318534
120030 0.322844
121030 0.321919
122030 0.330293
123030 0.339708
124030 0.340858
125030 0.339587
126030 0.343203
127030 0.352673
128030 0.353546
129030 0.350772
130030 0.356624
131030 0.35668
132030 0.361526
133030 0.359801
134030 0.366375
135030 0.372622
136030 0.376801
137030 0.377508
138030 0.379366
139030 0.382613
140030 0.381946
141030 0.38913
142030 0.394394
143030 0.396225
144030 0.403384
145030 0.395977
146030 0.397416
147030 0.402161
148030 0.401912
149030 0.410774
150030 0.411019
151030 0.414492
152030 0.421617
153030 0.421185
154030 0.42062
155030 0.426078
156030 0.425881
157030 0.430703
158030 0.433356
159030 0.440516
160030 0.445703
161030 0.440008
162030 0.450734
163030 0.445584
164030 0.450786
165030 0.456283
166030 0.454798
167030 0.46195
168030 0.459174
169030 0.465463
170030 0.468521
171030 0.469335
172030 0.47713
173030 0.475877
174030 0.480334
175030 0.483355
176030 0.484687
177030 0.49151
178030 0.49301
179030 0.500229
180030 0.5056
181030 0.50164
182030 0.503089
183030 0.500327
184030 0.503392
185030 0.509973
186030 0.513822
187030 0.524843
188030 0.515045
189030 0.52454
190030 0.52746
191030 0.528765
192030 0.528699
193030 0.540386
194030 0.575245
195030 0.558986
196030 0.545972
197030 0.542344
198030 0.547207
199030 0.557261
200030 0.551413
201030 0.529393
202030 0.544712
203030 0.544785
204030 0.552567
205030 0.566537
