30 0.000142
1030 0.001057
2030 0.00187
3030 0.002037
4030 0.002591
5030 0.00428
6030 0.004433
7030 0.004286
8030 0.003948
9030 0.004159
10030 0.004901
11030 0.00501
12030 0.005481
13030 0.006167
14030 0.006403
15030 0.006767
16030 0.010226
17030 0.010173
18030 0.008582
19030 0.008976
20030 0.009141
21030 0.009739
22030 0.010031
23030 0.010602
24030 0.011098
25030 0.011318
26030 0.012422
27030 0.012907
28030 0.013483
29030 0.013335
30030 0.013568
31030 0.014191
32030 0.014668
33030 0.015487
34030 0.01662
35030 0.01708
36030 0.016651
37030 0.017182
38030 0.017606
39030 0.018201
40030 0.018986
41030 0.01978
42030 0.019655
43030 0.01994
44030 0.02053
45030 0.021236
46030 0.021453
47030 0.021677
48030 0.022111
49030 0.023185
50030 0.023394
51030 0.023553
52030 0.02465
53030 0.024977
54030 0.026008
55030 0.025462
56030 0.026026
57030 0.026882
58030 0.027639
59030 0.027364
60030 0.027676
61030 0.028136
62030 0.029148
63030 0.02908
64030 0.029678
65030 0.029862
66030 0.031275
67030 0.032657
68030 0.032059
69030 0.032741
70030 0.03292
71030 0.03377
72030 0.0346
73030 0.034176
74030 0.034766
75030 0.035952
76030 0.035678
77030 0.03609
78030 0.036701
79030 0.036991
80030 0.037722
81030 0.038102
82030 0.038303
83030 0.039627
84030 0.039447
85030 0.039933
86030 0.040398
87030 0.040983
88030 0.041968
89030 0.041958
90030 0.042388
91030 0.042754
92030 0.043178
93030 0.043961
94030 0.045007
95030 0.044961
96030 0.045151
97030 0.045871
98030 0.046697
99030 0.047088
100030 0.04721
101030 0.04753
102030 0.048352
103030 0.049265
104030 0.049849
105030 0.049543
106030 0.049885
107030 0.049903
108030 0.050233
109030 0.050647
110030 0.051398
111030 0.051669
112030 0.05219
113030 0.052446
114030 0.053216
115030 0.053521
116030 0.054014
117030 0.054374
118030 0.054775
119030 0.055331
120030 0.055707
121030 0.05617
122030 0.056886
123030 0.057339
124030 0.057763
125030 0.058072
126030 0.059122
127030 0.062901
128030 0.060942
129030 0.060526
130030 0.061032
131030 0.062199
132030 0.063011
133030 0.068556
134030 0.063502
135030 0.071526
136030 0.064856
137030 0.064632
138030 0.065204
139030 0.065988
140030 0.066204
141030 0.070771
142030 0.066613
143030 0.06676
144030 0.067432
145030 0.068281
146030 0.068559
147030 0.06922
148030 0.074777
149030 0.070281
150030 0.076815
151030 0.071618
152030 0.070985
153030 0.071854
154030 0.072284
155030 0.072861
156030 0.073242
157030 0.073685
158030 0.074381
159030 0.074506
160030 0.07543
161030 0.075302
162030 0.076102
163030 0.07654
164030 0.077147
165030 0.077494
166030 0.077628
167030 0.078491
168030 0.078761
169030 0.079352
170030 0.079167
171030 0.080355
172030 0.080662
173030 0.081579
174030 0.081724
175030 0.081999
176030 0.082746
177030 0.083113
178030 0.083646
179030 0.084106
180030 0.084303
181030 0.084758
182030 0.085249
183030 0.085767
184030 0.086433
185030 0.087097
186030 0.087256
187030 0.087406
188030 0.087999
189030 0.088848
190030 0.089103
191030 0.089151
192030 0.090354
193030 0.090532
194030 0.090889
195030 0.091448
196030 0.092363
197030 0.091805
198030 0.096284
199030 0.093204
200030 0.093679
201030 0.09449
202030 0.094675
203030 0.094927
204030 0.095943
205030 0.096254
206030 0.099949
207030 0.098216
208030 0.097943
209030 0.098103
210030 0.099075
211030 0.099287
212030 0.09966
213030 0.100561
214030 0.10058
215030 0.101052
216030 0.10163
217030 0.102226
218030 0.103397
219030 0.103156
220030 0.103424
221030 0.103769
222030 0.104472
223030 0.105165
224030 0.105454
225030 0.105638
226030 0.106154
227030 0.1137
228030 0.108844
229030 0.11014
230030 0.109867
231030 0.113556
232030 0.110532
233030 0.109543
234030 0.110065
235030 0.110841
236030 0.110972
237030 0.111092
238030 0.11203
239030 0.112817
240030 0.113017
241030 0.114747
242030 0.11371
243030 0.114262
244030 0.115103
245030 0.115968
246030 0.116035
247030 0.116451
248030 0.116843
249030 0.117989
250030 0.117505
251030 0.120728
252030 0.120352
253030 0.120894
254030 0.12223
255030 0.120885
256030 0.123799
257030 0.122394
258030 0.121862
259030 0.129939
260030 0.123208
261030 0.122638
262030 0.124055
263030 0.125213
264030 0.12625
265030 0.125751
266030 0.13216
267030 0.127596
268030 0.128354
269030 0.129644
270030 0.128692
271030 0.129159
272030 0.129962
273030 0.132447
274030 0.13054
275030 0.13162
276030 0.133616
277030 0.132709
278030 0.133562
279030 0.133124
280030 0.13388
281030 0.134182
282030 0.134959
283030 0.134701
284030 0.136884
285030 0.136477
286030 0.137358
287030 0.137068
288030 0.13798
289030 0.138044
290030 0.138706
291030 0.141121
292030 0.139331
293030 0.139404
294030 0.141424
295030 0.140888
296030 0.141519
297030 0.14184
298030 0.14281
299030 0.142278
300030 0.143339

