30 0.00022
1030 0.003639
2030 0.005659
3030 0.006867
4030 0.006928
5030 0.00873
6030 0.010349
7030 0.012317
8030 0.013684
9030 0.016006
10030 0.017709
11030 0.019128
12030 0.019913
13030 0.022778
14030 0.024141
15030 0.025718
16030 0.02675
17030 0.029027
18030 0.03016
19030 0.032455
20030 0.034166
21030 0.036156
22030 0.037477
23030 0.042191
24030 0.043426
25030 0.044156
26030 0.044862
27030 0.04816
28030 0.048881
29030 0.04939
30030 0.051624
31030 0.053313
32030 0.054991
33030 0.056319
34030 0.059836
35030 0.059253
36030 0.066939
37030 0.063456
38030 0.064682
39030 0.065499
40030 0.067074
41030 0.071681
42030 0.078694
43030 0.083916
44030 0.07732
45030 0.078139
46030 0.07908
47030 0.082902
48030 0.082057
49030 0.088896
50030 0.085627
51030 0.090509
52030 0.089565
53030 0.094308
54030 0.093274
55030 0.09493
56030 0.095861
57030 0.096317
58030 0.105094
59030 0.106007
60030 0.101837
61030 0.111072
62030 0.131304
63030 0.132698
64030 0.157486
65030 0.145461
66030 0.13157
67030 0.123377
68030 0.124993
69030 0.117805
70030 0.123851
71030 0.134218
72030 0.129349
73030 0.130287
74030 0.137597
75030 0.144005
76030 0.147627
77030 0.148609
78030 0.147835
79030 0.142326
80030 0.14766
81030 0.149015
82030 0.143608
83030 0.143991
84030 0.149966
85030 0.151916
86030 0.153118
87030 0.149271
88030 0.155926
89030 0.151305
90030 0.164381
91030 0.157581
92030 0.161882
93030 0.161402
94030 0.161212
95030 0.162921
96030 0.170059
97030 0.178526
98030 0.172599
99030 0.173156
100030 0.173822
101030 0.173296
102030 0.182607
103030 0.181802
104030 0.18147
105030 0.181283
106030 0.184126
107030 0.182352
108030 0.191483
109030 0.193293
110030 0.200939
111030 0.191937
112030 0.198058
113030 0.200458
114030 0.196626
115030 0.203911
116030 0.196931
117030 0.203022
118030 0.207092
119030 0.206625
120030 0.209396
121030 0.213572
122030 0.215538
123030 0.224941
124030 0.22067
125030 0.218378
126030 0.219794
127030 0.220992
128030 0.219228
129030 0.223698
130030 0.222967
131030 0.235312
132030 0.237604
133030 0.233573
134030 0.237761
135030 0.238426
136030 0.239977
137030 0.238385
138030 0.240339
139030 0.243889
140030 0.251549
141030 0.242381
142030 0.257094
143030 0.245998
144030 0.258355
145030 0.249312
146030 0.256242
147030 0.253487
148030 0.263614
149030 0.258552
150030 0.256984
151030 0.260913
152030 0.268997
153030 0.268478
154030 0.273452
155030 0.274006
156030 0.27739
157030 0.268738
158030 0.276481
159030 0.27288
160030 0.283597
161030 0.280446
162030 0.283644
163030 0.285687
164030 0.333391
165030 0.283721
166030 0.292399
167030 0.296826
168030 0.291767
169030 0.289293
170030 0.297083
171030 0.289751
172030 0.299031
173030 0.304687
174030 0.303996
175030 0.301435
176030 0.312313
177030 0.308697
178030 0.314651
179030 0.31537
180030 0.322192
181030 0.327533
182030 0.323569
183030 0.332371
184030 0.318049
185030 0.329016
186030 0.325193
187030 0.324948
188030 0.326592
189030 0.333922
190030 0.330313
191030 0.344594
192030 0.343291
193030 0.333373
194030 0.334795
195030 0.342719
196030 0.354711
197030 0.354655
198030 0.347793
199030 0.358445
200030 0.354968
201030 0.359241
202030 0.349682
203030 0.358883
204030 0.360139
205030 0.351885
206030 0.360018
207030 0.367852
208030 0.368829
209030 0.366886
210030 0.361784
211030 0.375319
212030 0.374859
213030 0.369865
214030 0.382629
215030 0.367625
216030 0.381148
217030 0.411789
218030 0.381038
219030 0.383967
220030 0.38871
221030 0.380083
222030 0.39348
223030 0.400674
224030 0.388756
225030 0.394667
226030 0.403523
227030 0.402706
228030 0.399437
229030 0.402408
230030 0.408823
231030 0.401577
232030 0.428702
233030 0.410202
234030 0.416281
235030 0.412926
236030 0.408587
237030 0.416004
238030 0.418818
239030 0.419354
240030 0.412488
241030 0.439046
242030 0.432154
243030 0.413514
244030 0.426889
245030 0.421349
246030 0.429643
247030 0.430517
248030 0.437299
249030 0.447217
250030 0.436124
251030 0.442743
252030 0.437418
253030 0.453759
254030 0.448599
255030 0.440986
256030 0.455414
257030 0.454778
258030 0.490126
259030 0.48313
260030 0.494606
261030 0.487472
262030 0.496527
263030 0.487238
264030 0.514081
265030 0.5023
266030 0.505564
267030 0.509388
268030 0.5021
269030 0.500172
270030 0.517502
271030 0.508789
272030 0.505609
273030 0.514359
274030 0.509564
275030 0.519776
276030 0.525524
277030 0.521363
278030 0.517922
279030 0.519977
280030 0.518084
281030 0.528432
282030 0.536841
283030 0.537008
284030 0.538884
285030 0.525984
286030 0.525917
287030 0.535414
288030 0.543971
289030 0.538333
290030 0.551291
291030 0.544598
292030 0.555725
293030 0.546367
294030 0.538612
295030 0.572215
296030 0.565179
297030 0.568878
298030 0.561716
299030 0.567429
300030 0.557489

