30 5.2e-05
1030 0.000569
2030 0.001082
3030 0.001228
4030 0.001462
5030 0.00174
6030 0.001845
7030 0.002062
8030 0.004256
9030 0.003279
10030 0.003503
11030 0.003087
12030 0.003045
13030 0.003196
14030 0.003449
15030 0.00366
16030 0.003957
17030 0.004141
18030 0.004404
19030 0.004672
20030 0.004772
21030 0.005273
22030 0.005624
23030 0.005577
24030 0.00572
25030 0.006264
26030 0.00641
27030 0.006715
28030 0.006766
29030 0.006776
30030 0.007592
31030 0.007349
32030 0.007866
33030 0.008193
34030 0.008501
35030 0.008456
36030 0.009012
37030 0.009154
38030 0.009473
39030 0.009479
40030 0.009825
41030 0.010295
42030 0.010447
43030 0.012101
44030 0.011624
45030 0.011371
46030 0.011607
47030 0.011903
48030 0.012044
49030 0.01216
50030 0.012454
51030 0.013544
52030 0.013173
53030 0.013229
54030 0.013075
55030 0.016247
56030 0.015257
57030 0.01393
58030 0.015841
59030 0.016786
60030 0.014437
61030 0.014723
62030 0.014982
63030 0.015335
64030 0.017746
65030 0.018446
66030 0.019209
67030 0.019339
68030 0.019541
69030 0.016966
70030 0.019249
71030 0.018005
72030 0.017874
73030 0.017954
74030 0.018211
75030 0.01852
76030 0.018636
77030 0.018974
78030 0.022578
79030 0.021041
80030 0.023492
81030 0.022603
82030 0.021626
83030 0.026826
84030 0.029659
85030 0.026909
86030 0.023813
87030 0.02823
88030 0.026416
89030 0.02388
90030 0.027869
91030 0.026629
92030 0.023725
93030 0.02286
94030 0.023645
95030 0.027039
96030 0.030031
97030 0.024782
98030 0.027062
99030 0.028197
100030 0.026089
101030 0.028986
102030 0.032137
103030 0.026577
104030 0.030697
105030 0.028203
106030 0.029596
107030 0.032517
108030 0.029115
109030 0.029198
110030 0.032073
111030 0.029159
112030 0.029397
113030 0.030213
114030 0.033299
115030 0.035101
116030 0.032486
117030 0.031167
118030 0.028676
119030 0.02925
120030 0.029719
121030 0.031091
122030 0.034252
123030 0.039278
124030 0.03831
125030 0.036508
126030 0.036706
127030 0.039029
128030 0.033899
129030 0.039132
130030 0.034622
131030 0.037295
132030 0.034115
133030 0.033878
134030 0.037602
135030 0.047306
136030 0.037007
137030 0.034295
138030 0.035523
139030 0.034915
140030 0.036298
141030 0.037733
142030 0.03737
143030 0.03742
144030 0.040292
145030 0.036302
146030 0.037998
147030 0.038157
148030 0.038337
149030 0.037329
150030 0.039276
151030 0.040544
152030 0.046108
153030 0.041469
154030 0.040923
155030 0.040577
156030 0.04308
157030 0.039693
158030 0.042352
159030 0.042788
160030 0.043895
161030 0.046974
162030 0.047933
163030 0.04465
164030 0.045439
165030 0.055509
166030 0.047965
167030 0.050376
168030 0.049915
169030 0.048664
170030 0.046845
171030 0.04797
172030 0.050747
173030 0.047776
174030 0.047536
175030 0.047072
176030 0.056003
177030 0.049048
178030 0.045973
179030 0.057509
180030 0.055055
181030 0.048444
182030 0.045616
183030 0.047869
184030 0.047747
185030 0.050803
186030 0.055783
187030 0.051831
188030 0.053726
189030 0.050309
190030 0.050291
191030 0.047687
192030 0.057376
193030 0.051546
194030 0.055209
195030 0.050902
196030 0.050429
197030 0.053253
198030 0.060086
199030 0.05445
200030 0.049787
201030 0.050826
202030 0.054754
203030 0.051113
204030 0.053992
205030 0.051514
206030 0.05447
207030 0.058084
208030 0.054079
209030 0.053512
210030 0.055617
211030 0.053093
212030 0.053936
213030 0.054154
214030 0.054342
215030 0.054579
216030 0.057237
217030 0.055249
218030 0.055554
219030 0.055671
220030 0.055681
221030 0.057171
222030 0.060092
223030 0.055362
224030 0.057453
225030 0.06079
226030 0.056805
227030 0.060459
228030 0.056825
229030 0.057936
230030 0.064325
231030 0.058903
232030 0.061336
233030 0.058469
234030 0.05809
235030 0.058458
236030 0.058864
237030 0.063567
238030 0.066058
239030 0.061842
240030 0.069957
241030 0.064543
242030 0.061526
243030 0.07098
244030 0.064366
245030 0.064377
246030 0.065571
247030 0.069066
248030 0.067174
249030 0.062658
250030 0.061921
251030 0.065033
252030 0.069114
253030 0.073417
254030 0.075922
255030 0.077827
256030 0.077233
257030 0.074363
258030 0.073945
259030 0.07457
260030 0.083976
261030 0.075314
262030 0.083173
263030 0.080112
264030 0.080906
265030 0.078533
266030 0.06972
267030 0.080008
268030 0.081927
269030 0.082907
270030 0.083026
271030 0.079978
272030 0.085803
273030 0.087198
274030 0.09172
275030 0.084358
276030 0.092914
277030 0.078049
278030 0.080195
279030 0.087916
280030 0.087195
281030 0.080649
282030 0.075643
283030 0.085896
284030 0.08806
285030 0.083738
286030 0.082037
287030 0.076736
288030 0.084904
289030 0.073883
290030 0.074066
291030 0.076835
292030 0.085838
293030 0.078831
294030 0.080435
295030 0.08971
296030 0.081282
297030 0.087476
298030 0.087249
299030 0.092967
300030 0.08797

